36
10
11
15
8
11
9
3
4
4
9
11
8
5
13
8
9
7
6
22
17
6
8
4
4
6
6
6
6
5
6
6
4
4
10
4
6
6
10
6
9
3
7
14
6
6
11
7
11
11
5
9
7
4
4
1
31
7
22
11
11
9
107
8
29
36
35
39
37
47
6
16
26
8
40
36
33
34
36
23
30
33
84
19
61
26
11
14
34
45
41
36
37
39
38
30
35
10
11
6
4
4
4
4
2
1
9
1
1
8
7
3
3
13
13
10
4
12
11
11
5
4
24
49
49
46
49
49
16
49
19
26
16
16
41
21
16
8
32
61
25
25
13
16
16
49
19
4
10
4
12
24
17
23
22
17
8
13
7
31
21
13
4
22
22
7
2
8
13
84
17
17
4
17
5
4
5
5
5
3
8
16
11
5
2
9
13
13
13
52
14
18
10
15
16
16
12
34
13
1
11
16
25
13
6
40
8
21
44
44
44
44
45
45
49
45
49
23
43
13
13
32
11
6
4
17
4
21
21
31
26
39
18
20
21
4
60
55
65
50
55
75
30
26
40
76
50
7
8
4
15
31
16
10
21
15
14
8
6
20
5
20
10
15
14
9
14
15
12
12
12
12
10
14
11
8
8
11
9
12
13
9
11
13
9
15
13
8
7
13
9
8
9
13
12
7
12
8
9
11
5
16
12
10
12
7
10
9
4
19
21
4
11
13
4
11
13
11
5
17
5
11
9
7
7
9
9
5
4
8
12
12
13
10
9
11
9
10
9
13
12
13
12
12
40
48
36
47
30
31
31
28
33
19
37
29
25
34
16
31
32
22
37
25
22
33
25
31
19
25
17
27
16
17
35
37
9
4
19
20
20
13
13
21
21
20
26
27
11
12
29
19
26
20
22
27
21
12
21
22
19
20
10
21
5
11
22
5
8
6
8
18
5
4
3
18
20
29
28
26
4
14
14
19
26
9
29
34
15
5
18
26
9
10
7
6
41
37
17
19
28
3
18
12
26
11
18
15
14
18
5
36
11
25
13
7
4
20
10
13
35
49
57
65
42
44
13
26
23
8
20
15
13
4
3
15
9
6
13
18
19
8
4
8
7
10
11
17
11
6
7
8
10
7
8
10
7
9
5
35
21
19
28
12
8
44
25
39
20
15
42
9
14
9
26
10
12
16
13
13
26
9
31
49
23
24
15
28
7
9
4
19
31
12
15
13
7
11
12
11
13
17
9
15
20
20
9
7
8
44
11
4
23
7
13
8
5
6
18
4
18
10
12
11
11
8
10
18
8
23
13
4
12
31
12
14
10
11
10
25
12
23
11
12
15
10
15
10
12
11
12
18
12
26
13
12
14
13
31
9
13
12
14
10
12
3
11
11
13
8
13
7
14
10
12
12
7
10
20
9
9
11
10
11
11
24
18
35
12
8
15
15
6
29
14
4
5
5
4
12
12
7
35
28
15
13
9
44
23
11
7
10
10
7
32
17
20
56
10
20
15
13
10
16
4
7
7
55
49
21
8
14
6
1
4
18
32
7
9
8
45
8
24
14
15
31
8
24
1
10
17
15
12
21
16
12
22
10
6
7
14
23
103
33
12
8
9
14
24
16
16
34
10
16
9
17
8
8
18
21
22
14
14
10
13
8
36
12
12
17
12
11
13
9
13
12
10
14
4
14
11
12
16
11
9
20
8
19
20
8
13
16
31
14
13
12
25
87
5
5
15
11
13
13
9
14
10
15
11
15
11
16
5
12
14
8
7
29
23
17
18
34
12
14
17
19
18
8
11
10
7
8
8
20
4
3
13
4
4
12
15
13
7
18
29
13
5
11
10
10
9
19
18
13
13
8
11
10
12
13
12
12
13
12
13
16
9
12
11
12
16
15
18
16
12
14
11
12
19
9
7
7
19
5
17
9
8
11
16
4
3
5
4
3
4
28
5
4
12
14
13
7
13
8
9
10
6
8
11
12
11
15
14
12
13
10
9
5
11
18
18
9
9
9
9
14
35
16
7
7
9
15
9
10
10
15
13
14
10
15
13
6
10
10
12
11
14
15
14
13
18
9
10
7
14
12
11
12
8
13
10
18
15
13
8
12
12
12
13
5
9
22
39
14
11
13
13
12
15
16
10
37
22
11
12
7
11
15
17
13
8
11
10
10
364
22
8
15
36
30
15
17
9
4
3
5
8
21
39
16
8
5
7
25
20
14
36
37
8
35
12
14
7
8
9
7
32
30
12
34
13
19
4
9
19
16
5
6
12
4
14
11
14
12
14
11
11
14
11
10
27
14
17
15
9
22
9
36
15
5
12
16
7
16
9
27
4
10
28
13
10
49
28
8
4
6
4
13
13
13
9
14
15
4
12
11
9
4
4
5
16
21
20
5
13
13
9
16
6
4
4
3
11
15
2
31
8
4
4
12
9
14
14
13
15
12
16
4
4
11
24
6
48
48
41
33
13
13
11
7
7
7
8
4
13
16
14
5
12
12
8
8
6
10
5
3
4
7
9
15
11
9
11
16
11
12
11
14
8
13
49
32
16
25
17
6
4
3
4
9
12
19
4
17
37
14
10
13
31
18
23
23
13
14
20
15
8
11
13
12
17
17
27
9
13
15
16
33
49
9
23
25
16
4
8
13
10
10
13
11
14
13
13
16
19
12
12
10
13
8
11
11
16
15
13
13
14
13
14
12
14
17
12
23
11
12
11
11
17
27
14
13
18
19
10
13
13
17
13
13
13
11
11
10
16
12
13
19
21
18
7
7
4
4
13
13
13
13
11
29
27
23
9
18
18
10
10
20
22
15
12
18
15
16
15
18
17
19
18
19
16
25
20
23
18
10
13
10
14
12
7
6
59
8
11
11
15
15
24
13
8
25
16
7
26
16
4
11
15
12
14
12
17
11
10
9
13
19
17
10
14
18
18
12
21
14
4
4
15
4
5
19
4
4
4
8
2
21
14
13
14
16
11
12
19
8
10
9
8
29
4
4
4
1
10
3
4
3
3
7
10
11
5
6
8
7
8
13
4
4
15
10
10
10
7
7
23
12
4
4
2
13
11
36
13
11
59
39
34
22
3
4
3
6
4
5
4
4
12
16
12
14
9
13
10
6
22
11
16
11
40
12
1
14
25
20
10
11
16
18
23
30
32
33
30
32
33
29
44
9
43
39
34
42
42
27
31
40
31
33
31
47
40
7
43
12
5
26
37
10
16
9
13
11
11
2
12
20
33
35
34
20
22
31
29
23
23
27
29
35
33
46
47
50
50
37
42
41
48
29
5
6
7
9
10
12
16
35
35
33
33
24
40
32
30
31
27
35
38
33
32
29
29
30
31
34
28
33
34
33
33
36
35
31
31
32
33
36
30
26
35
36
31
38
40
35
35
40
37
37
31
31
36
40
40
34
35
36
31
33
32
36
41
29
36
34
31
32
35
30
30
31
32
35
29
25
34
35
30
34
35
34
34
23
40
42
29
38
37
35
28
28
34
37
35
38
31
30
38
34
30
39
39
23
28
31
35
37
40
38
37
43
40
43
43
50
45
53
48
50
49
47
36
46
45
42
39
40
42
43
44
40
48
36
38
46
42
43
50
48
46
47
49
50
43
52
42
34
34
37
34
40
37
35
31
34
42
38
38
39
40
43
37
42
43
42
42
40
40
41
42
45
39
35
44
45
40
38
49
46
45
49
49
42
41
43
39
39
40
41
44
38
34
43
44
39
43
43
37
40
46
44
45
45
42
43
43
45
45
46
46
39
36
42
48
46
45
52
8
9
7
22
13
6
6
11
3
3
75
12
16
8
32
6
7
5
6
9
11
4
10
4
14
9
9
6
7
22
12
11
4
13
24
28
42
7
12
1
9
25
4
8
8
1
13
130
15
13
21
22
5
5
13
16
11
12
6
61
10
22
32
26
7
25
13
49
7
27
24
7
28
18
46
29
3
9
17
13
9
20
31
9
11
10
14
14
25
13
12
6
5
10
10
13
8
8
14
14
13
6
9
8
12
6
8
7
7
3
165
17
39
39
18
14
20
7
26
35
30
11
26
27
18
34
17
17
40
18
90
23
17
8
21
36
6
16
4
18
16
9
43
21
25
10
22
15
9
12
14
40
38
41
13
32
20
91
60
13
17
18
4
59
32
7
20
42
7
12
6
41
21
36
36
40
23
9
13
14
29
8
3
22
22
36
22
16
16
13
49
16
24
23
16
114
19
23
30
2
6
24
39
49
16
5
5
24
11
12
17
17
36
7
30
14
6
7
17
7
14
26
78
9
13
57
16
15
28
15
14
20
31
8
8
7
9
10
13
12
7
7
11
8
8
11
11
11
7
8
11
12
9
7
12
12
12
11
8
11
9
87
23
23
58
17
75
32
13
8
23
19
32
31
31
8
9
11
17
17
14
11
24
7
18
9
12
26
13
10
10
10
21
9
16
2
28
5
5
28
23
23
2
4
23
21
64
22
33
2
8
24
22
10
29
8
7
8
38
45
27
45
24
15
28
24
7
38
21
5
15
18
18
23
9
15
9
89
7
16
16
18
22
13
25
45
5
67
15
11
9
28
22
26
25
28
15
62
113
13
13
7
14
21
4
10
13
87
18
20
19
8
4
16
11
31
29
30
28
14
7
33
29
21
12
40
147
47
22
5
4
240
3
23
90
31
103
179
172
5
7
55
20
10
19
45
30
19
21
29
24
9
133
136
34
34
12
8
19
34
34
19
13
48
33
10
51
7
20
19
73
25
23
12
11
25
12
19
32
33
19
31
29
37
28
31
22
16
89
7
8
9
9
32
32
16
28
28
16
34
10
65
24
31
35
37
29
31
30
37
32
21
28
32
34
38
30
36
27
35
29
21
32
31
28
30
9
14
17
16
5
10
25
10
6
34
33
38
33
16
191
19
30
16
18
88
40
19
12
28
31
21
22
26
80
23
14
145
132
24
25
60
3
11
11
5
6
16
33
75
25
13
10
10
10
10
25
16
31
31
13
11
20
9
9
16
25
37
10
10
10
10
10
10
10
10
91
79
32
43
8
8
9
8
8
46
34
31
20
5
13
17
82
6
35
95
7
60
17
39
26
29
4
33
40
46
92
8
8
21
15
17
9
24
32
31
13
3
21
9
9
9
14
13
28
151
4
8
16
8
12
9
11
11
6
26
45
40
21
21
16
25
25
16
12
11
22
25
25
25
61
13
4
11
20
79
13
5
18
11
3
5
5
8
19
15
34
27
5
25
25
13
37
27
9
33
28
5
7
31
16
8
73
37
23
13
6
26
8
21
29
13
20
13
11
5
16
13
16
6
30
20
32
40
39
37
38
12
12
25
7
31
25
13
26
49
16
19
67
55
61
58
55
22
73
49
97
55
55
67
31
31
31
6
115
5
101
30
50
17
24
15
15
162
166
11
16
30
262
12
30
34
8
33
44
13
42
18
21
31
13
52
4
17
18
24
17
175
5
27
12
26
6
92
34
49
14
7
27
11
14
14
12
15
21
20
19
5
18
18
24
10
18
18
11
88
16
19
29
17
6
28
89
49
25
17
29
28
11
6
12
37
43
171
38
9
31
20
12
54
19
10
4
19
15
10
75
5
11
6
14
59
16
10
18
10
10
27
16
23
20
21
97
8
8
7
5
15
17
35
7
80
46
16
16
16
16
16
7
16
30
23
27
16
31
4
73
73
47
14
15
11
10
4
12
16
19
11
3
7
20
10
21
5
5
9
29
25
9
13
28
44
22
15
11
10
15
36
16
8
12
6
20
16
10
37
37
13
16
37
85
85
85
25
25
25
14
25
13
34
19
31
14
6
15
13
3
47
8
12
8
17
14
12
28
26
32
12
31
18
24
22
25
19
13
8
16
10
16
16
10
16
13
12
11
13
25
16
16
16
64
27
18
10
16
9
33
14
14
29
16
16
27
37
37
37
37
21
32
9
23
28
10
38
13
19
23
11
4
23
3
5
50
15
10
31
7
15
10
30
23
23
35
19
19
13
11
15
9
11
11
24
40
33
40
9
38
15
17
11
4
13
11
9
12
21
34
43
11
